片足上げ,-0.04152231,-0.4915438,0.03851777,-0.07013953,-1.527575,0.06685603,0.3542032,-1.342728,-0.1455994,0.1151518,0.2760088,0.1138176,0.9474201,0,0.01771078,0,0.9998432,0.2563715,-0.05068025,0.3084237,0.9146475,
椅子座り,0.01176736,-0.479967,0.03305268,-0.123567,-1.234074,0.5508652,0.1078237,-1.220483,0.7118671,0.1036381,-0.02641319,-0.03872688,0.9935098,-0.08936119,0.08115486,-0.1320375,0.9838671,-0.06031855,0.003166391,0.1967231,0.9785968,
平面座り,0.0100123,-0.4791467,0.007827522,-0.2408455,-0.5243471,0.89836,0.1962006,-0.5013328,0.8518695,0,0.009435757,0,0.9999555,-0.6726249,-0.06902517,0.01673266,0.7365673,-0.7123361,0.02087632,0.01272991,0.7014125,
あおむけ,0.1328525,0.1450138,0.41258,-0.04271674,0.2727547,1.550686,0.1892239,0.2716284,1.567281,-0.6263058,-0.1775306,-0.0843086,0.7543978,-0.7629636,-0.06919038,0.1010369,0.6347369,-0.5800735,-0.0326751,0.03022836,0.813347,
うつぶせ,-0.02785869,-0.2073513,-0.4827288,-0.07999121,-0.2613779,-1.612533,0.2009457,-0.2858578,-1.571402,0.5657367,-0.01811706,-0.05656026,0.8224443,-0.737649,0.008870773,-0.01172971,-0.6750243,-0.6860141,-0.01038944,-0.004351417,-0.727501,
0.5
1.1
0.2
0
0.1
